17.28	19.2	0.8956 PE: 0.4829 MI: 0.2693
24.96	32.64	0.9986 PE: 0.0136 MI: 0.0023
36.48	44.16	0.9994 PE: 0.0061 MI: 0.0018
49.92	53.76	1.0000 PE: 0.0000 MI: 0.0000
59.52	76.8	1.0000 PE: 0.0000 MI: 0.0000
80.64	99.84	1.0000 PE: 0.0000 MI: 0.0000
101.76	107.52	0.9999 PE: 0.0010 MI: 0.0002
109.44	126.72	0.9528 PE: 0.1112 MI: 0.0429
128.64	147.84	0.9999 PE: 0.0008 MI: 0.0001
149.76	157.44	0.9996 PE: 0.0042 MI: 0.0008
161.28	165.12	0.8209 PE: 0.4707 MI: 0.1288
167.04	172.8	0.9861 PE: 0.0832 MI: 0.0183
174.72	193.92	1.0000 PE: 0.0000 MI: 0.0000
195.84	205.44	0.9279 PE: 0.1960 MI: 0.1022
209.28	226.56	0.9998 PE: 0.0022 MI: 0.0004
228.48	240.0	0.9988 PE: 0.0109 MI: 0.0026
243.84	245.76	0.9999 PE: 0.0016 MI: 0.0002
247.68	255.36	1.0000 PE: 0.0001 MI: 0.0000
257.28	266.88	0.9998 PE: 0.0031 MI: 0.0005
268.8	274.56	0.9996 PE: 0.0043 MI: 0.0009
276.48	286.08	0.9364 PE: 0.2831 MI: 0.2036
289.92	307.2	1.0000 PE: 0.0001 MI: 0.0000
309.12	316.8	0.9941 PE: 0.0463 MI: 0.0112
322.56	326.4	0.9308 PE: 0.2944 MI: 0.1191
328.32	330.24	0.8839 PE: 0.5180 MI: 0.3161
332.16	337.92	0.8094 PE: 0.6892 MI: 0.3485
339.84	351.36	0.9999 PE: 0.0010 MI: 0.0002
353.28	360.96	0.9769 PE: 0.1110 MI: 0.0722
362.88	378.24	0.9993 PE: 0.0074 MI: 0.0010
380.16	384.0	0.9861 PE: 0.0916 MI: 0.0098
385.92	395.52	0.9997 PE: 0.0034 MI: 0.0009
399.36	435.84	0.9999 PE: 0.0009 MI: 0.0002
437.76	453.12	0.9559 PE: 0.1538 MI: 0.0536
456.96	478.08	0.9830 PE: 0.0968 MI: 0.0647
480.0	497.28	0.9815 PE: 0.0972 MI: 0.0582
499.2	522.24	0.9990 PE: 0.0095 MI: 0.0019
524.16	541.44	1.0000 PE: 0.0001 MI: 0.0000
545.28	556.8	1.0000 PE: 0.0002 MI: 0.0000
560.64	570.24	0.9999 PE: 0.0007 MI: 0.0001
574.08	585.6	1.0000 PE: 0.0000 MI: 0.0000
587.52	602.88	0.9999 PE: 0.0017 MI: 0.0005
604.8	614.4	0.9952 PE: 0.0327 MI: 0.0165
616.32	618.24	0.9999 PE: 0.0018 MI: 0.0004
622.08	637.44	1.0000 PE: 0.0001 MI: 0.0000
639.36	643.2	1.0000 PE: 0.0000 MI: 0.0000
645.12	654.656	0.8981 PE: 0.3935 MI: 0.2019
